/*****************************************************************************
The resullt of wigner_d_sball(j, pi/2) calculating with WignerdSmall.h
*****************************************************************************/
#pragma once
#include "Eigen/Core"
#define PRINT_MAT(X) cout << #X << ":\n" << X << endl << endl 

using namespace std;

Eigen::MatrixXd wigner_d_small_pihalf(int dimension) {
    Eigen::MatrixXd d = Eigen::MatrixXd::Zero(1, 1);
    switch (dimension) {

        case 0:
            d = Eigen::MatrixXd::Zero(2*dimension + 1, 2*dimension + 1);
            d << 1;
            return d;
            break;

        case 1:
            d = Eigen::MatrixXd::Zero(2*dimension + 1, 2*dimension + 1);
            d <<       0.5,  0.707107,       0.5, 
                 -0.707107,         0,  0.707107,
                       0.5, -0.707107,       0.5;
            return d;
            break;

        case 2:
            d = Eigen::MatrixXd::Zero(2*dimension + 1, 2*dimension + 1);
            d <<     0.25,      0.5, 0.612372,      0.5,     0.25,
                     -0.5,     -0.5,        0,      0.5,      0.5,
                 0.612372,        0,     -0.5,        0, 0.612372,
                     -0.5,      0.5,        0,     -0.5,      0.5,
                     0.25,     -0.5, 0.612372,     -0.5,     0.25;
            return d;
            break;

        case 3:
            d = Eigen::MatrixXd::Zero(2*dimension + 1, 2*dimension + 1);
            d <<    0.125,  0.306186,  0.484123,  0.559017,  0.484123,  0.306186,     0.125,
                -0.306186,      -0.5, -0.395285,         0,  0.395285,       0.5,  0.306186,
                 0.484123,  0.395285,    -0.125, -0.433013,    -0.125,  0.395285,  0.484123,
                -0.559017,         0,  0.433013,         0, -0.433013,         0,  0.559017,
                 0.484123, -0.395285,    -0.125,  0.433013,    -0.125, -0.395285,  0.484123,
                -0.306186,       0.5, -0.395285,         0,  0.395285,      -0.5,  0.306186,
                0.125,     -0.306186,  0.484123, -0.559017,  0.484123, -0.306186,     0.125;
            return d;
            break;
        
        case 4:
            d = Eigen::MatrixXd::Zero(2*dimension + 1, 2*dimension + 1);
            d <<   0.0625,  0.176777,  0.330719,  0.467707,  0.522913,  0.467707,  0.330719,  0.176777,    0.0625,
                -0.176777,    -0.375, -0.467707, -0.330719,         0,  0.330719,  0.467707,     0.375,  0.176777,
                 0.330719,  0.467707,      0.25, -0.176777, -0.395285, -0.176777,      0.25,  0.467707,  0.330719,
                -0.467707, -0.330719,  0.176777,     0.375,         0,    -0.375, -0.176777,  0.330719,  0.467707,
                 0.522913,         0, -0.395285,         0,     0.375,         0, -0.395285,         0,  0.522913,
                -0.467707,  0.330719,  0.176777,    -0.375,         0,     0.375, -0.176777, -0.330719,  0.467707,
                 0.330719, -0.467707,      0.25,  0.176777, -0.395285,  0.176777,      0.25, -0.467707,  0.330719,
                -0.176777,     0.375, -0.467707,  0.330719,         0, -0.330719,  0.467707,    -0.375,  0.176777,
                   0.0625, -0.176777,  0.330719, -0.467707,  0.522913, -0.467707,  0.330719, -0.176777,    0.0625;
            return d;
            break;

        case 5:
            d = Eigen::MatrixXd::Zero(2*dimension + 1, 2*dimension + 1);
            d <<   0.03125,  0.0988212,   0.209631,   0.342327,   0.452856,   0.496078,   0.452856,   0.342327,   0.209631,  0.0988212,    0.03125,
                -0.0988212,      -0.25,  -0.397748,  -0.433013,  -0.286411,          0,   0.286411,   0.433013,   0.397748,       0.25,  0.0988212,
                  0.209631,   0.397748,    0.40625,   0.153093,  -0.202523,  -0.369755,  -0.202523,   0.153093,    0.40625,   0.397748,   0.209631,
                 -0.342327,  -0.433013,  -0.153093,       0.25,   0.330719,          0,  -0.330719,      -0.25,   0.153093,   0.433013,   0.342327,
                  0.452856,   0.286411,  -0.202523,  -0.330719,     0.0625,   0.342327,     0.0625,  -0.330719,  -0.202523,   0.286411,   0.452856,
                 -0.496078,          0,   0.369755,          0,  -0.342327,          0,   0.342327,          0,  -0.369755,          0,   0.496078,
                  0.452856,  -0.286411,  -0.202523,   0.330719,     0.0625,  -0.342327,     0.0625,   0.330719,  -0.202523,  -0.286411,   0.452856,
                 -0.342327,   0.433013,  -0.153093,      -0.25,   0.330719,          0,  -0.330719,       0.25,   0.153093,  -0.433013,   0.342327,
                  0.209631,  -0.397748,    0.40625,  -0.153093,  -0.202523,   0.369755,  -0.202523,  -0.153093,    0.40625,  -0.397748,   0.209631,
                -0.0988212,       0.25,  -0.397748,   0.433013,  -0.286411,          0,   0.286411,  -0.433013,   0.397748,      -0.25,  0.0988212,
                   0.03125, -0.0988212,   0.209631,  -0.342327,   0.452856,  -0.496078,   0.452856,  -0.342327,   0.209631, -0.0988212,    0.03125;
            return d;
            break;

        case 6:
            d = Eigen::MatrixXd::Zero(2*dimension + 1, 2*dimension + 1);
            d <<  0.015625,  0.0541266,   0.126938,   0.231756,   0.347634,   0.439726,   0.474959,   0.439726,   0.347634,   0.231756,   0.126938,  0.0541266,   0.015625,
                -0.0541266,   -0.15625,  -0.293151,  -0.401414,  -0.401414,  -0.253876,          0,   0.253876,   0.401414,   0.401414,   0.293151,    0.15625,  0.0541266,
                  0.126938,   0.293151,    0.40625,   0.342327,  0.0855816,  -0.216506,   -0.35078,  -0.216506,  0.0855816,   0.342327,    0.40625,   0.293151,   0.126938,
                 -0.231756,  -0.401414,  -0.342327,   -0.03125,    0.28125,   0.296464,          0,  -0.296464,   -0.28125,    0.03125,   0.342327,   0.401414,   0.231756,
                  0.347634,   0.401414,  0.0855816,   -0.28125,  -0.265625,  0.0988212,   0.320217,  0.0988212,  -0.265625,   -0.28125,  0.0855816,   0.401414,   0.347634,
                 -0.439726,  -0.253876,   0.216506,   0.296464, -0.0988212,    -0.3125,          0,     0.3125,  0.0988212,  -0.296464,  -0.216506,   0.253876,   0.439726,
                  0.474959,          0,   -0.35078,          0,   0.320217,          0,    -0.3125,          0,   0.320217,          0,   -0.35078,          0,   0.474959,
                 -0.439726,   0.253876,   0.216506,  -0.296464, -0.0988212,     0.3125,          0,    -0.3125,  0.0988212,   0.296464,  -0.216506,  -0.253876,   0.439726,
                  0.347634,  -0.401414,  0.0855816,    0.28125,  -0.265625, -0.0988212,   0.320217, -0.0988212,  -0.265625,    0.28125,  0.0855816,  -0.401414,   0.347634,
                 -0.231756,   0.401414,  -0.342327,    0.03125,    0.28125,  -0.296464,          0,   0.296464,   -0.28125,   -0.03125,   0.342327,  -0.401414,   0.231756,
                  0.126938,  -0.293151,    0.40625,  -0.342327,  0.0855816,   0.216506,   -0.35078,   0.216506,  0.0855816,  -0.342327,    0.40625,  -0.293151,   0.126938,
                -0.0541266,    0.15625,  -0.293151,   0.401414,  -0.401414,   0.253876,          0,  -0.253876,   0.401414,  -0.401414,   0.293151,   -0.15625,  0.0541266,
                  0.015625, -0.0541266,   0.126938,  -0.231756,   0.347634,  -0.439726,   0.474959,  -0.439726,   0.347634,  -0.231756,   0.126938, -0.0541266,   0.015625;
            return d;
            break;
        
        case 7:
            d = Eigen::MatrixXd::Zero(2*dimension + 1, 2*dimension + 1);
            d << 0.0078125,  0.0292317,  0.0745265,   0.149053,   0.247176,    0.34956,   0.428122,   0.457682,   0.428122,    0.34956,   0.247176,   0.149053,  0.0745265,  0.0292317,  0.0078125,
                -0.0292317,   -0.09375,   -0.19918,  -0.318689,  -0.396364,  -0.373696,  -0.228841,          0,   0.228841,   0.373696,   0.396364,   0.318689,    0.19918,    0.09375,  0.0292317,
                 0.0745265,    0.19918,   0.335937,   0.390625,   0.285022,  0.0366439,  -0.224397,  -0.335847,  -0.224397,  0.0366439,   0.285022,   0.390625,   0.335938,    0.19918,  0.0745265,
                 -0.149053,  -0.318689,  -0.390625,      -0.25,  0.0518223,   0.293151,   0.269276,          0,  -0.269276,  -0.293151, -0.0518223,       0.25,   0.390625,   0.318689,   0.149053,
                  0.247176,   0.396364,   0.285022, -0.0518223,  -0.304688,  -0.209922,   0.121785,   0.303785,   0.121785,  -0.209922,  -0.304688, -0.0518223,   0.285022,   0.396364,   0.247176,
                  -0.34956,  -0.373696, -0.0366439,   0.293151,   0.209922,   -0.15625,   -0.28705,          0,    0.28705,    0.15625,  -0.209922,  -0.293151,  0.0366439,   0.373696,    0.34956,
                  0.428122,   0.228841,  -0.224397,  -0.269276,   0.121785,    0.28705, -0.0390625,  -0.292317, -0.0390625,    0.28705,   0.121785,  -0.269276,  -0.224397,   0.228841,   0.428122,
                 -0.457682,          0,   0.335847,          0,  -0.303785,          0,   0.292317,          0,  -0.292317,          0,   0.303785,          0,  -0.335847,          0,   0.457682,
                  0.428122,  -0.228841,  -0.224397,   0.269276,   0.121785,   -0.28705, -0.0390625,   0.292317, -0.0390625,   -0.28705,   0.121785,   0.269276,  -0.224397,  -0.228841,   0.428122,
                  -0.34956,   0.373696, -0.0366439,  -0.293151,   0.209922,    0.15625,   -0.28705,          0,    0.28705,   -0.15625,  -0.209922,   0.293151,  0.0366439,  -0.373696,    0.34956,
                  0.247176,  -0.396364,   0.285022,  0.0518223,  -0.304688,   0.209922,   0.121785,  -0.303785,   0.121785,   0.209922,  -0.304688,  0.0518223,   0.285022,  -0.396364,   0.247176,
                 -0.149053,   0.318689,  -0.390625,       0.25,  0.0518223,  -0.293151,   0.269276,          0,  -0.269276,   0.293151, -0.0518223,      -0.25,   0.390625,  -0.318689,   0.149053,
                 0.0745265,   -0.19918,   0.335938,  -0.390625,   0.285022, -0.0366439,  -0.224397,   0.335847,  -0.224397, -0.0366439,   0.285022,  -0.390625,   0.335938,   -0.19918,  0.0745265,
                -0.0292317,    0.09375,   -0.19918,   0.318689,  -0.396364,   0.373696,  -0.228841,          0,   0.228841,  -0.373696,   0.396364,  -0.318689,    0.19918,   -0.09375,  0.0292317,
                 0.0078125, -0.0292317,  0.0745265,  -0.149053,   0.247176,   -0.34956,   0.428122,  -0.457682,   0.428122,   -0.34956,   0.247176,  -0.149053,  0.0745265, -0.0292317,  0.0078125;
            return d;
            break;

        case 8:
            d = Eigen::MatrixXd::Zero(2*dimension + 1, 2*dimension + 1);
            d <<0.00390625,   0.015625,  0.0427908,  0.0924387,   0.166646,   0.258167,    0.34956,   0.417804,   0.443149,   0.417804,    0.34956,   0.258167,   0.166646,  0.0924387,  0.0427908,   0.015625, 0.00390625,
                 -0.015625, -0.0546875,  -0.128372,  -0.231097,  -0.333293,  -0.387251,   -0.34956,  -0.208902,          0,   0.208902,    0.34956,   0.387251,   0.333293,   0.231097,   0.128372,  0.0546875,   0.015625,
                 0.0427908,   0.128372,       0.25,   0.354416,   0.365104,   0.235673,          0,  -0.228841,   -0.32363,  -0.228841,          0,   0.235673,   0.365104,   0.354416,       0.25,   0.128372,  0.0427908,
                -0.0924387,  -0.231097,  -0.354416,  -0.351562,   -0.16901,   0.109096,   0.295432,   0.247176,          0,  -0.247176,  -0.295432,  -0.109096,    0.16901,   0.351562,   0.354416,   0.231097,  0.0924387,
                  0.166646,   0.333293,   0.365104,    0.16901,  -0.140625,  -0.302577,  -0.163876,   0.137109,   0.290852,   0.137109,  -0.163876,  -0.302577,  -0.140625,    0.16901,   0.365104,   0.333293,   0.166646,
                 -0.258167,  -0.387251,  -0.235673,   0.109096,   0.302577,   0.132812,  -0.190407,   -0.26551,          0,    0.26551,   0.190407,  -0.132813,  -0.302577,  -0.109096,   0.235673,   0.387251,   0.258167,
                   0.34956,    0.34956,          0,  -0.295432,  -0.163876,   0.190407,       0.25, -0.0653641,  -0.277316, -0.0653641,       0.25,   0.190407,  -0.163876,  -0.295432,          0,    0.34956,    0.34956,
                 -0.417804,  -0.208902,   0.228841,   0.247176,  -0.137109,   -0.26551,  0.0653641,   0.273438,          0,  -0.273438, -0.0653641,    0.26551,   0.137109,  -0.247176,  -0.228841,   0.208902,   0.417804,
                  0.443149,          0,   -0.32363,          0,   0.290852,          0,  -0.277316,          0,   0.273437,          0,  -0.277316,          0,   0.290852,          0,   -0.32363,          0,   0.443149,
                 -0.417804,   0.208902,   0.228841,  -0.247176,  -0.137109,    0.26551,  0.0653641,  -0.273438,          0,   0.273438, -0.0653641,   -0.26551,   0.137109,   0.247176,  -0.228841,  -0.208902,   0.417804,
                   0.34956,   -0.34956,          0,   0.295432,  -0.163876,  -0.190407,       0.25,  0.0653641,  -0.277316,  0.0653641,       0.25,  -0.190407,  -0.163876,   0.295432,          0,   -0.34956,    0.34956,
                 -0.258167,   0.387251,  -0.235673,  -0.109096,   0.302577,  -0.132813,  -0.190407,    0.26551,          0,   -0.26551,   0.190407,   0.132813,  -0.302577,   0.109096,   0.235673,  -0.387251,   0.258167,
                  0.166646,  -0.333293,   0.365104,   -0.16901,  -0.140625,   0.302577,  -0.163876,  -0.137109,   0.290852,  -0.137109,  -0.163876,   0.302577,  -0.140625,   -0.16901,   0.365104,  -0.333293,   0.166646,
                -0.0924387,   0.231097,  -0.354416,   0.351562,   -0.16901,  -0.109096,   0.295432,  -0.247176,          0,   0.247176,  -0.295432,   0.109096,    0.16901,  -0.351562,   0.354416,  -0.231097,  0.0924387,
                 0.0427908,  -0.128372,       0.25,  -0.354416,   0.365104,  -0.235673,          0,   0.228841,   -0.32363,   0.228841,          0,  -0.235673,   0.365104,  -0.354416,       0.25,  -0.128372,  0.0427908,
                 -0.015625,  0.0546875,  -0.128372,   0.231097,  -0.333293,   0.387251,   -0.34956,   0.208902,          0,  -0.208902,    0.34956,  -0.387251,   0.333293,  -0.231097,   0.128372, -0.0546875,   0.015625,
                0.00390625,  -0.015625,  0.0427908, -0.0924387,   0.166646,  -0.258167,    0.34956,  -0.417804,   0.443149,  -0.417804,    0.34956,  -0.258167,   0.166646, -0.0924387,  0.0427908,  -0.015625, 0.00390625;
            return d;
            break;

        case 9:
            d = Eigen::MatrixXd::Zero(2*dimension + 1, 2*dimension + 1);
            d << 0.00195312,  0.00828641,   0.0241588,   0.0557924,    0.108042,    0.180788,    0.266113,    0.348423,    0.408563,    0.430663,    0.408563,    0.348423,    0.266113,    0.180788,    0.108042,   0.0557924,   0.0241588,  0.00828641,  0.00195312,
                -0.00828641,    -0.03125,    -0.07972,   -0.157805,   -0.254656,   -0.340897,    -0.37634,   -0.328497,   -0.192598,           0,    0.192598,    0.328497,     0.37634,    0.340897,    0.254656,    0.157805,     0.07972,     0.03125,  0.00828641,
                  0.0241588,     0.07972,    0.173828,    0.284165,     0.35812,    0.336165,    0.193626,  -0.0281684,   -0.231212,   -0.313353,   -0.231212,  -0.0281684,    0.193626,    0.336165,     0.35812,    0.284165,    0.173828,     0.07972,   0.0241588,
                 -0.0557924,   -0.157805,   -0.284165,   -0.359375,   -0.302577,   -0.101262,    0.149053,    0.292734,    0.228841,           0,   -0.228841,   -0.292734,   -0.149053,    0.101262,    0.302577,    0.359375,    0.284165,    0.157805,   0.0557924,
                   0.108042,    0.254656,     0.35812,    0.302577,   0.0703125,   -0.196092,    -0.28864,   -0.125973,    0.147716,    0.280272,    0.147716,   -0.125973,    -0.28864,   -0.196092,   0.0703125,    0.302577,     0.35812,    0.254656,    0.108042,
                  -0.180788,   -0.340897,   -0.336165,   -0.101262,    0.196092,     0.28125,   0.0689981,   -0.210793,   -0.247176,           0,    0.247176,    0.210793,  -0.0689981,    -0.28125,   -0.196092,    0.101262,    0.336165,    0.340897,    0.180788,
                   0.266113,     0.37634,    0.193626,   -0.149053,    -0.28864,  -0.0689981,    0.226563,    0.214808,  -0.0839617,    -0.26551,  -0.0839617,    0.214808,    0.226562,  -0.0689981,    -0.28864,   -0.149053,    0.193626,     0.37634,    0.266113,
                  -0.348423,   -0.328497,   0.0281684,    0.292734,    0.125973,   -0.210793,   -0.214808,    0.109375,    0.256507,           0,   -0.256507,   -0.109375,    0.214808,    0.210793,   -0.125973,   -0.292734,  -0.0281684,    0.328497,    0.348423,
                   0.408563,    0.192598,   -0.231212,   -0.228841,    0.147716,    0.247176,  -0.0839617,   -0.256507,   0.0273437,    0.259406,   0.0273438,   -0.256507,  -0.0839617,    0.247176,    0.147716,   -0.228841,   -0.231212,    0.192598,    0.408563,
                  -0.430663,           0,    0.313353,           0,   -0.280272,           0,     0.26551,           0,   -0.259406,           0,    0.259406,           0,    -0.26551,           0,    0.280272,           0,   -0.313353,           0,    0.430663,
                   0.408563,   -0.192598,   -0.231212,    0.228841,    0.147716,   -0.247176,  -0.0839617,    0.256507,   0.0273438,   -0.259406,   0.0273438,    0.256507,  -0.0839617,   -0.247176,    0.147716,    0.228841,   -0.231212,   -0.192598,    0.408563,
                  -0.348423,    0.328497,   0.0281684,   -0.292734,    0.125973,    0.210793,   -0.214808,   -0.109375,    0.256507,           0,   -0.256507,    0.109375,    0.214808,   -0.210793,   -0.125973,    0.292734,  -0.0281684,   -0.328497,    0.348423,
                   0.266113,    -0.37634,    0.193626,    0.149053,    -0.28864,   0.0689981,    0.226562,   -0.214808,  -0.0839617,     0.26551,  -0.0839617,   -0.214808,    0.226562,   0.0689981,    -0.28864,    0.149053,    0.193626,    -0.37634,    0.266113,
                  -0.180788,    0.340897,   -0.336165,    0.101262,    0.196092,    -0.28125,   0.0689981,    0.210793,   -0.247176,           0,    0.247176,   -0.210793,  -0.0689981,     0.28125,   -0.196092,   -0.101262,    0.336165,   -0.340897,    0.180788,
                   0.108042,   -0.254656,     0.35812,   -0.302577,   0.0703125,    0.196092,    -0.28864,    0.125973,    0.147716,   -0.280272,    0.147716,    0.125973,    -0.28864,    0.196092,   0.0703125,   -0.302577,     0.35812,   -0.254656,    0.108042,
                 -0.0557924,    0.157805,   -0.284165,    0.359375,   -0.302577,    0.101262,    0.149053,   -0.292734,    0.228841,           0,   -0.228841,    0.292734,   -0.149053,   -0.101262,    0.302577,   -0.359375,    0.284165,   -0.157805,   0.0557924,
                  0.0241588,    -0.07972,    0.173828,   -0.284165,     0.35812,   -0.336165,    0.193626,   0.0281684,   -0.231212,    0.313353,   -0.231212,   0.0281684,    0.193626,   -0.336165,     0.35812,   -0.284165,    0.173828,    -0.07972,   0.0241588,
                -0.00828641,     0.03125,    -0.07972,    0.157805,   -0.254656,    0.340897,    -0.37634,    0.328497,   -0.192598,           0,    0.192598,   -0.328497,     0.37634,   -0.340897,    0.254656,   -0.157805,     0.07972,    -0.03125,  0.00828641,
                 0.00195312, -0.00828641,   0.0241588,  -0.0557924,    0.108042,   -0.180788,    0.266113,   -0.348423,    0.408563,   -0.430663,    0.408563,   -0.348423,    0.266113,   -0.180788,    0.108042,  -0.0557924,   0.0241588, -0.00828641,  0.00195313;
            return d;
            break;
        
        case 10:
            d = Eigen::MatrixXd::Zero(2*dimension + 1, 2*dimension + 1);
            d <<0.000976562,  0.00436732,    0.013461,   0.0329725,   0.0679746,    0.121597,    0.192261,    0.271899,    0.346604,    0.400224,    0.419758,    0.400224,    0.346604,    0.271899,    0.192261,    0.121597,   0.0679746,   0.0329725,    0.013461,  0.00436732, 0.000976562,
                -0.00436732,  -0.0175781,  -0.0481595,    -0.10322,   -0.182395,   -0.271899,   -0.343928,    -0.36479,   -0.310012,   -0.178986,           0,    0.178986,    0.310012,     0.36479,    0.343928,    0.271899,    0.182395,     0.10322,   0.0481595,   0.0175781,  0.00436732,
                   0.013461,   0.0481595,    0.115234,    0.210503,    0.305747,    0.352862,    0.306858,    0.157805,  -0.0502906,   -0.232282,   -0.304525,   -0.232282,  -0.0502906,    0.157805,    0.306858,    0.352862,    0.305747,    0.210503,    0.115234,   0.0481595,    0.013461,
                 -0.0329725,    -0.10322,   -0.210503,   -0.314453,   -0.346276,   -0.252097,  -0.0455543,    0.177165,    0.287435,    0.213365,           0,   -0.213365,   -0.287435,   -0.177165,   0.0455543,    0.252097,    0.346276,    0.314453,    0.210503,     0.10322,   0.0329725,
                  0.0679746,    0.182395,    0.305747,    0.346276,    0.231445, -0.00873464,   -0.229257,   -0.269531,  -0.0946107,    0.155246,    0.271372,    0.155246,  -0.0946107,   -0.269531,   -0.229257, -0.00873464,    0.231445,    0.346276,    0.305747,    0.182395,   0.0679746,
                  -0.121597,   -0.271899,   -0.352862,   -0.252097,  0.00873464,    0.242188,    0.247053,   0.0174693,   -0.222691,   -0.231427,           0,    0.231427,    0.222691,  -0.0174693,   -0.247053,   -0.242187, -0.00873464,    0.252097,    0.352862,    0.271899,    0.121597,
                   0.192261,    0.343928,    0.306858,   0.0455543,   -0.229257,   -0.247053,   0.0078125,    0.243068,    0.183094,  -0.0975781,   -0.255852,  -0.0975781,    0.183094,    0.243068,   0.0078125,   -0.247053,   -0.229257,   0.0455543,    0.306858,    0.343928,    0.192261,
                  -0.271899,    -0.36479,   -0.157805,    0.177165,    0.269531,   0.0174693,   -0.243068,   -0.164063,    0.139426,    0.241493,           0,   -0.241493,   -0.139426,    0.164063,    0.243068,  -0.0174693,   -0.269531,   -0.177165,    0.157805,     0.36479,    0.271899,
                   0.346604,    0.310012,  -0.0502906,   -0.287435,  -0.0946107,    0.222691,    0.183094,   -0.139426,   -0.232422,   0.0473608,    0.248362,   0.0473608,   -0.232422,   -0.139426,    0.183094,    0.222691,  -0.0946107,   -0.287435,  -0.0502906,    0.310012,    0.346604,
                  -0.400224,   -0.178986,    0.232282,    0.213365,   -0.155246,   -0.231427,   0.0975781,    0.241493,  -0.0473608,   -0.246094,           0,    0.246094,   0.0473608,   -0.241493,  -0.0975781,    0.231427,    0.155246,   -0.213365,   -0.232282,    0.178986,    0.400224,
                   0.419758,           0,   -0.304525,           0,    0.271372,           0,   -0.255852,           0,    0.248362,           0,   -0.246094,           0,    0.248362,           0,   -0.255852,           0,    0.271372,           0,   -0.304525,           0,    0.419758,
                  -0.400224,    0.178986,    0.232282,   -0.213365,   -0.155246,    0.231427,   0.0975781,   -0.241493,  -0.0473608,    0.246094,           0,   -0.246094,   0.0473608,    0.241493,  -0.0975781,   -0.231427,    0.155246,    0.213365,   -0.232282,   -0.178986,    0.400224,
                   0.346604,   -0.310012,  -0.0502906,    0.287435,  -0.0946107,   -0.222691,    0.183094,    0.139426,   -0.232422,  -0.0473608,    0.248362,  -0.0473608,   -0.232422,    0.139426,    0.183094,   -0.222691,  -0.0946107,    0.287435,  -0.0502906,   -0.310012,    0.346604,
                  -0.271899,     0.36479,   -0.157805,   -0.177165,    0.269531,  -0.0174693,   -0.243068,    0.164063,    0.139426,   -0.241493,           0,    0.241493,   -0.139426,   -0.164062,    0.243068,   0.0174693,   -0.269531,    0.177165,    0.157805,    -0.36479,    0.271899,
                   0.192261,   -0.343928,    0.306858,  -0.0455543,   -0.229257,    0.247053,   0.0078125,   -0.243068,    0.183094,   0.0975781,   -0.255852,   0.0975781,    0.183094,   -0.243068,   0.0078125,    0.247053,   -0.229257,  -0.0455543,    0.306858,   -0.343928,    0.192261,
                  -0.121597,    0.271899,   -0.352862,    0.252097,  0.00873464,   -0.242187,    0.247053,  -0.0174693,   -0.222691,    0.231427,           0,   -0.231427,    0.222691,   0.0174693,   -0.247053,    0.242187, -0.00873464,   -0.252097,    0.352862,   -0.271899,    0.121597,
                  0.0679746,   -0.182395,    0.305747,   -0.346276,    0.231445,  0.00873464,   -0.229257,    0.269531,  -0.0946107,   -0.155246,    0.271372,   -0.155246,  -0.0946107,    0.269531,   -0.229257,  0.00873464,    0.231445,   -0.346276,    0.305747,   -0.182395,   0.0679746,
                 -0.0329725,     0.10322,   -0.210503,    0.314453,   -0.346276,    0.252097,  -0.0455543,   -0.177165,    0.287435,   -0.213365,           0,    0.213365,   -0.287435,    0.177165,   0.0455543,   -0.252097,    0.346276,   -0.314453,    0.210503,    -0.10322,   0.0329725,
                   0.013461,  -0.0481595,    0.115234,   -0.210503,    0.305747,   -0.352862,    0.306858,   -0.157805,  -0.0502906,    0.232282,   -0.304525,    0.232282,  -0.0502906,   -0.157805,    0.306858,   -0.352862,    0.305747,   -0.210503,    0.115234,  -0.0481595,    0.013461,
                -0.00436732,   0.0175781,  -0.0481595,     0.10322,   -0.182395,    0.271899,   -0.343928,     0.36479,   -0.310012,    0.178986,           0,   -0.178986,    0.310012,    -0.36479,    0.343928,   -0.271899,    0.182395,    -0.10322,   0.0481595,  -0.0175781,  0.00436732,
                0.000976562, -0.00436732,    0.013461,  -0.0329725,   0.0679746,   -0.121597,    0.192261,   -0.271899,    0.346604,   -0.400224,    0.419758,   -0.400224,    0.346604,   -0.271899,    0.192261,   -0.121597,   0.0679746,  -0.0329725,    0.013461, -0.00436732, 0.000976562;
            return d;
            break;

        case 11:
            d = Eigen::MatrixXd::Zero(2*dimension + 1, 2*dimension + 1);
            d <<0.000488281,  0.00229024,  0.00742123,   0.0191615,   0.0417616,   0.0792371,    0.133376,    0.201645,    0.276114,    0.344375,    0.392648,    0.410107,    0.392648,    0.344375,    0.276114,    0.201645,    0.133376,   0.0792371,   0.0417616,   0.0191615,  0.00742123,  0.00229024, 0.000488281,
                -0.00229024, -0.00976563,  -0.0284798,  -0.0653641,    -0.12465,   -0.202721,   -0.284358,   -0.343928,   -0.353207,   -0.293684,   -0.167426,           0,    0.167426,    0.293684,    0.353207,    0.343928,    0.284358,    0.202721,     0.12465,   0.0653641,   0.0284798,  0.00976563,  0.00229024,
                 0.00742123,   0.0284798,   0.0737305,    0.147506,    0.239051,    0.318018,    0.342244,    0.278613,    0.127169,  -0.0679746,   -0.232509,   -0.296814,   -0.232509,  -0.0679746,    0.127169,    0.278613,    0.342244,    0.318018,    0.239051,    0.147506,   0.0737305,   0.0284798,  0.00742123,
                 -0.0191615,  -0.0653641,   -0.147506,       -0.25,   -0.327769,   -0.323064,   -0.203924,           0,    0.197009,    0.280816,    0.200112,           0,   -0.200112,   -0.280816,   -0.197009,           0,    0.203924,    0.323064,    0.327769,        0.25,    0.147506,   0.0653641,   0.0191615,
                  0.0417616,     0.12465,    0.239051,    0.327769,    0.313965,    0.162128,   -0.070175,   -0.247554,   -0.248584,    -0.06845,    0.160681,    0.263726,    0.160681,    -0.06845,   -0.248584,   -0.247554,   -0.070175,    0.162128,    0.313965,    0.327769,    0.239051,     0.12465,   0.0417616,
                 -0.0792371,   -0.202721,   -0.318018,   -0.323064,   -0.162128,   0.0917969,    0.261364,    0.208756,  -0.0238209,   -0.229191,   -0.217765,           0,    0.217765,    0.229191,   0.0238209,   -0.208756,   -0.261364,  -0.0917969,    0.162128,    0.323064,    0.318018,    0.202721,   0.0792371,
                   0.133376,    0.284358,    0.342244,    0.203924,   -0.070175,   -0.261364,   -0.192871,   0.0671773,    0.247655,    0.155071,    -0.10781,   -0.247728,    -0.10781,    0.155071,    0.247655,   0.0671773,   -0.192871,   -0.261364,   -0.070175,    0.203924,    0.342244,    0.284358,    0.133376,
                  -0.201645,   -0.343928,   -0.278613,           0,    0.247554,    0.208756,  -0.0671773,       -0.25,   -0.117675,    0.160109,     0.22819,           0,    -0.22819,   -0.160109,    0.117675,        0.25,   0.0671773,   -0.208756,   -0.247554,           0,    0.278613,    0.343928,    0.201645,
                   0.276114,    0.353207,    0.127169,   -0.197009,   -0.248584,   0.0238209,    0.247655,    0.117675,   -0.174805,   -0.208276,   0.0624924,    0.239328,   0.0624924,   -0.208276,   -0.174805,    0.117675,    0.247655,   0.0238209,   -0.248584,   -0.197009,    0.127169,    0.353207,    0.276114,
                  -0.344375,   -0.293684,   0.0679746,    0.280816,     0.06845,   -0.229191,   -0.155071,    0.160109,    0.208276,  -0.0820312,   -0.233825,           0,    0.233825,   0.0820312,   -0.208276,   -0.160109,    0.155071,    0.229191,    -0.06845,   -0.280816,  -0.0679746,    0.293684,    0.344375,
                   0.392648,    0.167426,   -0.232509,   -0.200112,    0.160681,    0.217765,    -0.10781,    -0.22819,   0.0624924,    0.233825,  -0.0205078,   -0.235617,  -0.0205078,    0.233825,   0.0624924,    -0.22819,    -0.10781,    0.217765,    0.160681,   -0.200112,   -0.232509,    0.167426,    0.392648,
                  -0.410107,           0,    0.296814,           0,   -0.263726,           0,    0.247728,           0,   -0.239328,           0,    0.235617,           0,   -0.235617,           0,    0.239328,           0,   -0.247728,           0,    0.263726,           0,   -0.296814,           0,    0.410107,
                   0.392648,   -0.167426,   -0.232509,    0.200112,    0.160681,   -0.217765,    -0.10781,     0.22819,   0.0624924,   -0.233825,  -0.0205078,    0.235617,  -0.0205078,   -0.233825,   0.0624924,     0.22819,    -0.10781,   -0.217765,    0.160681,    0.200112,   -0.232509,   -0.167426,    0.392648,
                  -0.344375,    0.293684,   0.0679746,   -0.280816,     0.06845,    0.229191,   -0.155071,   -0.160109,    0.208276,   0.0820312,   -0.233825,           0,    0.233825,  -0.0820313,   -0.208276,    0.160109,    0.155071,   -0.229191,    -0.06845,    0.280816,  -0.0679746,   -0.293684,    0.344375,
                   0.276114,   -0.353207,    0.127169,    0.197009,   -0.248584,  -0.0238209,    0.247655,   -0.117675,   -0.174805,    0.208276,   0.0624924,   -0.239328,   0.0624924,    0.208276,   -0.174805,   -0.117675,    0.247655,  -0.0238209,   -0.248584,    0.197009,    0.127169,   -0.353207,    0.276114,
                  -0.201645,    0.343928,   -0.278613,           0,    0.247554,   -0.208756,  -0.0671773,        0.25,   -0.117675,   -0.160109,     0.22819,           0,    -0.22819,    0.160109,    0.117675,       -0.25,   0.0671773,    0.208756,   -0.247554,           0,    0.278613,   -0.343928,    0.201645,
                   0.133376,   -0.284358,    0.342244,   -0.203924,   -0.070175,    0.261364,   -0.192871,  -0.0671773,    0.247655,   -0.155071,    -0.10781,    0.247728,    -0.10781,   -0.155071,    0.247655,  -0.0671773,   -0.192871,    0.261364,   -0.070175,   -0.203924,    0.342244,   -0.284358,    0.133376,
                 -0.0792371,    0.202721,   -0.318018,    0.323064,   -0.162128,  -0.0917969,    0.261364,   -0.208756,  -0.0238209,    0.229191,   -0.217765,           0,    0.217765,   -0.229191,   0.0238209,    0.208756,   -0.261364,   0.0917969,    0.162128,   -0.323064,    0.318018,   -0.202721,   0.0792371,
                  0.0417616,    -0.12465,    0.239051,   -0.327769,    0.313965,   -0.162128,   -0.070175,    0.247554,   -0.248584,     0.06845,    0.160681,   -0.263726,    0.160681,     0.06845,   -0.248584,    0.247554,   -0.070175,   -0.162128,    0.313965,   -0.327769,    0.239051,    -0.12465,   0.0417616,
                 -0.0191615,   0.0653641,   -0.147506,        0.25,   -0.327769,    0.323064,   -0.203924,           0,    0.197009,   -0.280816,    0.200112,           0,   -0.200112,    0.280816,   -0.197009,           0,    0.203924,   -0.323064,    0.327769,       -0.25,    0.147506,  -0.0653641,   0.0191615,
                 0.00742123,  -0.0284798,   0.0737305,   -0.147506,    0.239051,   -0.318018,    0.342244,   -0.278613,    0.127169,   0.0679746,   -0.232509,    0.296814,   -0.232509,   0.0679746,    0.127169,   -0.278613,    0.342244,   -0.318018,    0.239051,   -0.147506,   0.0737305,  -0.0284798,  0.00742123,
                -0.00229024,  0.00976563,  -0.0284798,   0.0653641,    -0.12465,    0.202721,   -0.284358,    0.343928,   -0.353207,    0.293684,   -0.167426,           0,    0.167426,   -0.293684,    0.353207,   -0.343928,    0.284358,   -0.202721,     0.12465,  -0.0653641,   0.0284798, -0.00976562,  0.00229024,
                0.000488281, -0.00229024,  0.00742123,  -0.0191615,   0.0417616,  -0.0792371,    0.133376,   -0.201645,    0.276114,   -0.344375,    0.392648,   -0.410107,    0.392648,   -0.344375,    0.276114,   -0.201645,    0.133376,  -0.0792371,   0.0417616,  -0.0191615,  0.00742123, -0.00229024, 0.000488281;
            return d;
            break;
    }
    return d;
 }
